0,BOT,0,-1,
1,BOT,1,-1,
2,BOT,2,-1,
3,BOT,3,-1,
4,BOT,4,-1,
5,EOT,2,-1,
6,BOT,5,-1,
7,EOT,1,-1,
8,EOT,0,-1,
9,BOT,6,-1,
10,EOT,3,-1,
11,BOT,7,-1,
12,EOT,5,-1,
13,BOT,8,-1,
14,EOT,4,-1,
15,EOT,8,-1,
16,BOT,9,-1,
17,BOT,10,-1,
18,BOT,11,-1,
19,EOT,7,-1,
20,BOT,12,-1,
21,EOT,11,-1,
22,EOT,9,-1,
23,EOT,10,-1,
24,BOT,13,-1,
25,EOT,13,-1,
26,BOT,14,-1,
27,BOT,15,-1,
28,EOT,6,-1,
29,BOT,16,-1,
30,BOT,17,-1,
31,EOT,12,-1,
32,BOT,18,-1,
33,EOT,15,-1,
34,BOT,19,-1,
35,EOT,19,-1,
36,EOT,14,-1,
37,BOT,20,-1,
38,BOT,21,-1,
39,EOT,21,-1,
40,EOT,17,-1,
41,BOT,22,-1,
42,EOT,20,-1,
43,BOT,23,-1,
44,BOT,24,-1,
45,EOT,24,-1,
46,BOT,25,-1,
47,EOT,16,-1,
48,BOT,26,-1,
49,EOT,25,-1,
50,BOT,27,-1,
51,EOT,27,-1,
52,BOT,28,-1,
53,EOT,23,-1,
54,BOT,29,-1,
55,EOT,18,-1,
56,BOT,30,-1,
57,EOT,26,-1,
58,BOT,31,-1,
59,EOT,30,-1,
60,BOT,32,-1,
61,EOT,22,-1,
62,BOT,33,-1,
63,EOT,28,-1,
64,BOT,34,-1,
65,EOT,33,-1,
66,BOT,35,-1,
67,EOT,29,-1,
68,EOT,31,-1,
69,BOT,36,-1,
70,BOT,37,-1,
71,EOT,32,-1,
72,BOT,38,-1,
73,EOT,34,-1,
74,EOT,35,-1,
75,BOT,39,-1,
76,BOT,40,-1,
77,EOT,39,-1,
78,EOT,36,-1,
79,BOT,41,-1,
80,EOT,38,-1,
81,EOT,40,-1,
82,BOT,42,-1,
83,BOT,43,-1,
84,EOT,37,-1,
85,BOT,44,-1,
86,BOT,45,-1,
87,EOT,42,-1,
88,EOT,41,-1,
89,EOT,45,-1,
90,BOT,46,-1,
91,EOT,46,-1,
92,EOT,43,-1,
93,BOT,47,-1,
94,EOT,44,-1,
95,BOT,48,-1,
96,BOT,49,-1,
97,EOT,49,-1,
98,BOT,50,-1,
99,BOT,51,-1,
100,BOT,52,-1,
101,EOT,52,-1,
102,EOT,47,-1,
103,BOT,53,-1,
104,BOT,54,-1,
105,EOT,48,-1,
106,EOT,54,-1,
107,BOT,55,-1,
108,BOT,56,-1,
109,EOT,50,-1,
110,BOT,57,-1,
111,EOT,53,-1,
112,EOT,56,-1,
113,BOT,58,-1,
114,BOT,59,-1,
115,EOT,51,-1,
116,BOT,60,-1,
117,EOT,60,-1,
118,BOT,61,-1,
119,EOT,58,-1,
120,BOT,62,-1,
121,EOT,55,-1,
122,EOT,59,-1,
123,BOT,63,-1,
124,EOT,63,-1,
125,EOT,62,-1,
126,BOT,64,-1,
127,BOT,65,-1,
128,BOT,66,-1,
129,EOT,61,-1,
130,BOT,67,-1,
131,EOT,64,-1,
132,BOT,68,-1,
133,EOT,65,-1,
134,EOT,57,-1,
135,EOT,66,-1,
136,BOT,69,-1,
137,BOT,70,-1,
138,EOT,70,-1,
139,EOT,67,-1,
140,EOT,68,-1,
141,BOT,71,-1,
142,BOT,72,-1,
143,BOT,73,-1,
144,BOT,74,-1,
145,EOT,73,-1,
146,EOT,69,-1,
147,BOT,75,-1,
148,BOT,76,-1,
149,EOT,71,-1,
150,EOT,76,-1,
151,BOT,77,-1,
152,EOT,72,-1,
153,BOT,78,-1,
154,EOT,75,-1,
155,BOT,79,-1,
156,BOT,80,-1,
157,EOT,74,-1,
158,BOT,81,-1,
159,EOT,77,-1,
160,BOT,82,-1,
161,EOT,82,-1,
162,EOT,80,-1,
163,EOT,78,-1,
164,EOT,79,-1,
165,BOT,83,-1,
166,BOT,84,-1,
167,BOT,85,-1,
168,EOT,81,-1,
169,BOT,86,-1,
170,EOT,85,-1,
171,EOT,84,-1,
172,BOT,87,-1,
173,EOT,86,-1,
174,EOT,83,-1,
175,BOT,88,-1,
176,BOT,89,-1,
177,EOT,87,-1,
178,BOT,90,-1,
179,EOT,90,-1,
180,BOT,91,-1,
181,EOT,88,-1,
182,BOT,92,-1,
183,EOT,89,-1,
184,BOT,93,-1,
185,EOT,91,-1,
186,EOT,92,-1,
187,EOT,93,-1,
188,BOT,94,-1,
189,BOT,95,-1,
190,EOT,94,-1,
191,BOT,96,-1,
192,EOT,96,-1,
193,EOT,95,-1,
194,BOT,97,-1,
195,BOT,98,-1,
196,EOT,98,-1,
197,EOT,97,-1,
198,BOT,99,-1,
199,EOT,99,-1,
